# Lee Controller Alpha Parameters
Ts: 0.01 # sampling time

# Gravitational Acceleration and drone mass
gravity: 9.81
mass: 0.027

# Drone inertia
Jxx: 1.657171e-05
Jyy: 1.657171e-05
Jzz: 2.9261652e-05

d: 0.046 # arm length

# Motor coefficients
maxRotorsVelocity:  2618
c_motor: 1.28192e-08
c_tauf: 5.964552e-03

tau: 0.05

# Controller gains
kx: 0.108 # 4 * mass;
kv: 0.0972 # 3.6 * mass;
kR: 0.005873333 # 8.81 / 1500
kOmega: 0.001693333 # 2.54 / 1500
